# ColHeaders  Index SegId NVoxels Volume_mm3 StructName normMean normStdDev normMin normMax normRange
 1    2 208873 214494.517 Left-Cerebral-White-Matter      104.4019  9.6099 13.0000 156.0000 143.0000
 2    4  18860  19156.155 Left-Lateral-Ventricle           28.6929 10.7358  3.0000  77.0000  74.0000
 3    5   1110   1121.648 Left-Inf-Lat-Vent                39.7279 16.3185  3.0000  86.0000  83.0000
 4    7  11788  12502.410 Left-Cerebellum-White-Matter    111.4666  9.7319 57.0000 145.0000  88.0000
 5    8  49953  48979.556 Left-Cerebellum-Cortex           78.4799 18.5515  3.0000 135.0000 132.0000
 6   10   6417   6279.425 Left-Thalamus                    91.9409 10.6114 40.0000 131.0000  91.0000
 7   11   2822   2735.443 Left-Caudate                     84.6729 10.3472 48.0000 119.0000  71.0000
 8   12   4711   4636.814 Left-Putamen                     88.7504  8.9087 43.0000 117.0000  74.0000
 9   13   1831   1831.326 Left-Pallidum                   107.6800  8.3372 45.0000 141.0000  96.0000
10   14   2153   2208.579 3rd-Ventricle                    33.8490 12.2156  8.0000  82.0000  74.0000
11   15   3621   3723.502 4th-Ventricle                    35.6697 12.9509  6.0000  92.0000  86.0000
12   16  19266  19345.220 Brain-Stem                      105.2132 11.9622 13.0000 148.0000 135.0000
13   17   3290   3213.173 Left-Hippocampus                 77.5711 14.1707 15.0000 123.0000 108.0000
14   18   1440   1462.081 Left-Amygdala                    79.5521  9.6275 39.0000 108.0000  69.0000
15   24    924    883.337 CSF                              46.4177 13.4136  4.0000  98.0000  94.0000
16   26    404    375.950 Left-Accumbens-area              86.2921  8.1648 49.0000 108.0000  59.0000
17   28   3790   3737.269 Left-VentralDC                  104.3594 12.9488 52.0000 152.0000 100.0000
18   31   1144   1035.271 Left-choroid-plexus              54.6486 12.4658 20.0000  91.0000  71.0000
19   41 203903 209812.527 Right-Cerebral-White-Matter     104.6002  9.4751 26.0000 145.0000 119.0000
20   43  17938  18078.828 Right-Lateral-Ventricle          29.4508 11.3564  3.0000  84.0000  81.0000
21   44   1345   1356.369 Right-Inf-Lat-Vent               38.0543 15.9977  5.0000  82.0000  77.0000
22   46  11766  12516.863 Right-Cerebellum-White-Matter   112.8337  9.6601 60.0000 160.0000 100.0000
23   47  51272  50217.064 Right-Cerebellum-Cortex          79.1980 18.4617  3.0000 149.0000 146.0000
24   49   6181   6055.601 Right-Thalamus                   92.6772 10.8172 38.0000 127.0000  89.0000
25   50   3057   2947.537 Right-Caudate                    83.9408 11.0400 34.0000 115.0000  81.0000
26   51   4477   4403.507 Right-Putamen                    91.8314  8.9680 38.0000 117.0000  79.0000
27   52   1650   1634.325 Right-Pallidum                  112.0752  8.0116 71.0000 138.0000  67.0000
28   53   3246   3137.520 Right-Hippocampus                79.1553 14.1964 11.0000 129.0000 118.0000
29   54   1575   1591.456 Right-Amygdala                   81.9835 10.5482 20.0000 122.0000 102.0000
30   58    486    459.735 Right-Accumbens-area             86.6461  9.4837 39.0000 110.0000  71.0000
31   60   3764   3706.512 Right-VentralDC                 105.2742 13.8794 52.0000 147.0000  95.0000
32   63   1381   1347.875 Right-choroid-plexus             54.4388 11.8637 17.0000  93.0000  76.0000
33   77   5060   4912.991 WM-hypointensities               78.6806 11.3528 23.0000 108.0000  85.0000
34  251      0      0.000 CC_Posterior                      0.0000  0.0000  0.0000   0.0000   0.0000
35  252      0      0.000 CC_Mid_Posterior                  0.0000  0.0000  0.0000   0.0000   0.0000
36  253      0      0.000 CC_Central                        0.0000  0.0000  0.0000   0.0000   0.0000
37  254      0      0.000 CC_Mid_Anterior                   0.0000  0.0000  0.0000   0.0000   0.0000
38  255      0      0.000 CC_Anterior                       0.0000  0.0000  0.0000   0.0000   0.0000
39 1002   2786   2701.696 ctx-lh-caudalanteriorcingulate   72.6263  9.4684 36.0000 104.0000  68.0000
40 1003   7025   6780.503 ctx-lh-caudalmiddlefrontal       69.7769  9.0028 37.0000  96.0000  59.0000
41 1005   2624   2378.178 ctx-lh-cuneus                    78.1589 11.0781 41.0000 105.0000  64.0000
42 1006   1451   1361.376 ctx-lh-entorhinal                74.8360 10.3280 42.0000 118.0000  76.0000
43 1007   7318   6943.649 ctx-lh-fusiform                  78.5798 10.0306 39.0000 116.0000  77.0000
44 1008  10546  10057.503 ctx-lh-inferiorparietal          71.1767  8.7499 36.0000  98.0000  62.0000
45 1009  11198  11031.256 ctx-lh-inferiortemporal          74.1796 10.2092 31.0000 124.0000  93.0000
46 1010   2333   2095.704 ctx-lh-isthmuscingulate          77.3373 11.0361 45.0000 125.0000  80.0000
47 1011  11101  10216.545 ctx-lh-lateraloccipital          75.1129 10.5438 33.0000 108.0000  75.0000
48 1012   8014   7491.096 ctx-lh-lateralorbitofrontal      72.1390 11.9002 37.0000 120.0000  83.0000
49 1013   5304   4629.475 ctx-lh-lingual                   82.0305 11.5108 35.0000 115.0000  80.0000
50 1014   4559   4500.333 ctx-lh-medialorbitofrontal       73.7519 12.4783 41.0000 136.0000  95.0000
51 1015  11235  10723.095 ctx-lh-middletemporal            75.1079  9.4627 39.0000 114.0000  75.0000
52 1016   1973   1808.964 ctx-lh-parahippocampal           78.1313 10.6802 44.0000 112.0000  68.0000
53 1017   5347   5060.386 ctx-lh-paracentral               76.2082 10.7434 39.0000 103.0000  64.0000
54 1018   4534   4346.427 ctx-lh-parsopercularis           72.8392  8.8296 42.0000  98.0000  56.0000
55 1019   1983   1824.664 ctx-lh-parsorbitalis             69.6682  9.2192 39.0000  96.0000  57.0000
56 1020   3093   2893.225 ctx-lh-parstriangularis          69.3149  8.8224 41.0000  94.0000  53.0000
57 1021    941    785.641 ctx-lh-pericalcarine             80.9851 10.2973 45.0000 104.0000  59.0000
58 1022  10548   9698.140 ctx-lh-postcentral               74.9537 10.1159 40.0000 105.0000  65.0000
59 1023   3805   3677.036 ctx-lh-posteriorcingulate        75.1093  9.4662 38.0000 105.0000  67.0000
60 1024  14395  13620.275 ctx-lh-precentral                75.1590  9.8395 42.0000 102.0000  60.0000
61 1025   9173   8842.042 ctx-lh-precuneus                 73.9560  9.7487 41.0000 102.0000  61.0000
62 1026   3325   3222.746 ctx-lh-rostralanteriorcingulate  72.8520  9.7025 41.0000 117.0000  76.0000
63 1027  11355  11282.744 ctx-lh-rostralmiddlefrontal      64.4132  8.7160 37.0000  92.0000  55.0000
64 1028  24465  24416.922 ctx-lh-superiorfrontal           64.3634  9.5527 34.0000  97.0000  63.0000
65 1029  11797  11122.611 ctx-lh-superiorparietal          70.9805  9.5812 41.0000  98.0000  57.0000
66 1030  16610  15601.527 ctx-lh-superiortemporal          75.1919 10.8787 37.0000 106.0000  69.0000
67 1031  11096  10512.030 ctx-lh-supramarginal             72.4265  9.2949 40.0000 100.0000  60.0000
68 1034   1292   1212.828 ctx-lh-transversetemporal        84.1989 10.5595 51.0000 108.0000  57.0000
69 1035   6359   6312.541 ctx-lh-insula                    72.7585  9.4304 34.0000 115.0000  81.0000
70 2002   2598   2475.692 ctx-rh-caudalanteriorcingulate   73.4072 10.4055 46.0000 122.0000  76.0000
71 2003   5997   5786.732 ctx-rh-caudalmiddlefrontal       68.9651  9.2981 39.0000  96.0000  57.0000
72 2005   3191   2927.198 ctx-rh-cuneus                    78.8095 10.3423 48.0000 108.0000  60.0000
73 2006   1323   1212.270 ctx-rh-entorhinal                78.4520 11.3307 41.0000 120.0000  79.0000
74 2007   6003   5571.292 ctx-rh-fusiform                  78.7843 10.0461 43.0000 107.0000  64.0000
75 2008  12594  11975.223 ctx-rh-inferiorparietal          72.1739  9.2300 39.0000  99.0000  60.0000
76 2009   9884   9539.218 ctx-rh-inferiortemporal          76.5385 10.7508 36.0000 126.0000  90.0000
77 2010   2682   2491.829 ctx-rh-isthmuscingulate          77.3020 10.5972 38.0000 127.0000  89.0000
78 2011  11886  10872.153 ctx-rh-lateraloccipital          76.5350 10.6612 27.0000 109.0000  82.0000
79 2012   8113   7671.976 ctx-rh-lateralorbitofrontal      71.3114 11.4525 36.0000 121.0000  85.0000
80 2013   5462   4852.697 ctx-rh-lingual                   81.2702 11.4924 38.0000 114.0000  76.0000
81 2014   4609   4562.532 ctx-rh-medialorbitofrontal       72.2842 11.2454 41.0000 116.0000  75.0000
82 2015  11500  10928.426 ctx-rh-middletemporal            73.7146  9.4689 38.0000 108.0000  70.0000
83 2016   1657   1475.942 ctx-rh-parahippocampal           78.4134 11.5374 41.0000 111.0000  70.0000
84 2017   4272   4072.555 ctx-rh-paracentral               77.2189 10.2498 43.0000 103.0000  60.0000
85 2018   4043   3937.754 ctx-rh-parsopercularis           69.4358  8.8334 42.0000  98.0000  56.0000
86 2019   2127   1969.580 ctx-rh-parsorbitalis             66.6088  8.8939 39.0000  95.0000  56.0000
87 2020   3238   3173.448 ctx-rh-parstriangularis          66.5645  8.7905 39.0000  91.0000  52.0000
88 2021   1035    828.463 ctx-rh-pericalcarine             82.8473 11.0405 50.0000 106.0000  56.0000
89 2022   9698   8904.666 ctx-rh-postcentral               75.2378 10.2319 42.0000 101.0000  59.0000
90 2023   3341   3192.381 ctx-rh-posteriorcingulate        75.5184  9.7125 46.0000 112.0000  66.0000
91 2024  13597  12849.778 ctx-rh-precentral                74.9012  9.9712 36.0000 102.0000  66.0000
92 2025   9325   8892.093 ctx-rh-precuneus                 74.6382  9.4267 41.0000 101.0000  60.0000
93 2026   2649   2562.858 ctx-rh-rostralanteriorcingulate  72.9841  9.5642 44.0000 121.0000  77.0000
94 2027  10827  10858.461 ctx-rh-rostralmiddlefrontal      62.6662  8.4025 35.0000  91.0000  56.0000
95 2028  26121  25927.298 ctx-rh-superiorfrontal           64.8183  9.8853 35.0000 101.0000  66.0000
96 2029  11177  10616.871 ctx-rh-superiorparietal          71.6325  9.6014 37.0000 100.0000  63.0000
97 2030  14884  14156.444 ctx-rh-superiortemporal          75.5125 10.1752 38.0000 104.0000  66.0000
98 2031   9330   8914.092 ctx-rh-supramarginal             74.1282  9.2503 42.0000  98.0000  56.0000
99 2034    953    894.924 ctx-rh-transversetemporal        83.0042 10.1803 46.0000 105.0000  59.0000
100 2035   6449   6323.612 ctx-rh-insula                    74.2307  9.9866 35.0000 110.0000  75.0000